1 0.38046875 0.57265625 0.0515625 0.28203125
1 0.77265625 0.51328125 0.04453125 0.2328125
1 0.09375 0.528125 0.053125 0.22890625
1 0.68203125 0.521875 0.05 0.2328125
1 0.184375 0.53515625 0.04921875 0.23515625
1 0.81484375 0.51015625 0.0359375 0.2546875
1 0.22734375 0.56484375 0.0453125 0.19375
1 0.12890625 0.51953125 0.0390625 0.2140625
1 0.5328125 0.55078125 0.05625 0.3
1 0.85390625 0.53359375 0.05390625 0.2234375
1 0.4953125 0.55625 0.04453125 0.28515625
1 0.46171875 0.88671875 0.05 0.17578125
1 0.7296875 0.51328125 0.046875 0.25546875
1 0.4109375 0.80859375 0.05703125 0.13671875
1 0.16015625 0.91640625 0.0515625 0.15859375
1 0.58671875 0.8703125 0.046875 0.1578125
1 0.33671875 0.521875 0.059375 0.271875
1 0.7546875 0.86171875 0.05234375 0.15234375
1 0.940625 0.590625 0.06640625 0.28125
1 0.63125 0.53828125 0.06796875 0.2890625
1 0.76015625 0.6453125 0.04375 0.15703125
1 0.58984375 0.5375 0.0515625 0.284375
1 0.3671875 0.79140625 0.04609375 0.10625
1 0.1890625 0.83359375 0.078125 0.321875
1 0.90546875 0.56328125 0.0515625 0.29296875
1 0.83671875 0.784375 0.05546875 0.14765625
1 0.41796875 0.51796875 0.04765625 0.25859375
1 0.3453125 0.75859375 0.046875 0.11796875
1 0.8859375 0.89296875 0.1 0.20625
1 0.05703125 0.509375 0.0421875 0.2515625
1 0.8015625 0.89609375 0.07890625 0.18125
1 0.68125 0.64765625 0.06875 0.146875
1 0.11328125 0.8046875 0.06953125 0.18671875
1 0.5328125 0.88828125 0.078125 0.21796875
1 0.9546875 0.88828125 0.0671875 0.21796875
1 0.690625 0.8140625 0.040625 0.0984375
1 0.26015625 0.675 0.07421875 0.24609375
1 0.49140625 0.78203125 0.03984375 0.153125
1 0.02109375 0.65625 0.04140625 0.103125
1 0.296875 0.85703125 0.08203125 0.27890625
1 0.70859375 0.89765625 0.08125 0.18984375
1 0.2609375 0.43046875 0.046875 0.096875
1 0.03828125 0.78671875 0.04765625 0.08125
1 0.43515625 0.71484375 0.0421875 0.09609375
1 0.0359375 0.92890625 0.071875 0.13515625
1 0.66328125 0.8296875 0.05078125 0.109375
1 0.10859375 0.92890625 0.08203125 0.1359375
1 0.8890625 0.49609375 0.03828125 0.1609375
1 0.36015625 0.903125 0.0734375 0.1875
1 0.9796875 0.703125 0.040625 0.2625
1 0.28359375 0.53046875 0.0625 0.16640625
1 0.43046875 0.309375 0.034375 0.09140625
1 0.1859375 0.43046875 0.0453125 0.0953125
1 0.1328125 0.665625 0.04921875 0.12578125
1 0.46484375 0.73984375 0.04375 0.13046875
1 0.80078125 0.740625 0.0625 0.125
1 0.196875 0.29453125 0.03515625 0.09296875
1 0.134375 0.4421875 0.0390625 0.1046875
1 0.3078125 0.4 0.03984375 0.09296875
1 0.24453125 0.5109375 0.040625 0.134375
1 0.06015625 0.87265625 0.04765625 0.11015625
1 0.23203125 0.27109375 0.034375 0.1078125
1 0.21640625 0.40390625 0.034375 0.07890625
1 0.0796875 0.71171875 0.04765625 0.16484375
1 0.44765625 0.4859375 0.04296875 0.12109375
1 0.15078125 0.28984375 0.034375 0.084375
1 0.3484375 0.3984375 0.0375 0.084375
1 0.3828125 0.40390625 0.03671875 0.084375