1 0.38203125 0.571875 0.04921875 0.2859375
1 0.7765625 0.50859375 0.04140625 0.23671875
1 0.09296875 0.5296875 0.05546875 0.23984375
1 0.171875 0.540625 0.0453125 0.234375
1 0.43671875 0.5515625 0.06328125 0.25234375
1 0.7453125 0.5078125 0.040625 0.23671875
1 0.8484375 0.571875 0.0609375 0.3
1 0.9140625 0.55390625 0.05859375 0.2734375
1 0.815625 0.50625 0.03515625 0.25390625
1 0.8875 0.53515625 0.0421875 0.25078125
1 0.23203125 0.53671875 0.05390625 0.178125
1 0.534375 0.55 0.05859375 0.2953125
1 0.4953125 0.5546875 0.04765625 0.28046875
1 0.5890625 0.54375 0.05 0.3015625
1 0.4640625 0.8859375 0.04765625 0.1765625
1 0.15 0.515625 0.04140625 0.24453125
1 0.3125 0.553125 0.046875 0.2390625
1 0.409375 0.80859375 0.05625 0.1390625
1 0.69296875 0.51015625 0.05390625 0.20078125
1 0.634375 0.540625 0.0625 0.2765625
1 0.58671875 0.8671875 0.04453125 0.14921875
1 0.18984375 0.8328125 0.0765625 0.325
1 0.03828125 0.79765625 0.05078125 0.1125
1 0.275 0.51953125 0.04296875 0.1578125
1 0.7515625 0.86328125 0.053125 0.1546875
1 0.83515625 0.88828125 0.06328125 0.171875
1 0.6796875 0.834375 0.04296875 0.1109375
1 0.0328125 0.503125 0.0640625 0.23125
1 0.1609375 0.9203125 0.04453125 0.146875
1 0.759375 0.64765625 0.04296875 0.146875
1 0.91328125 0.884375 0.0984375 0.21953125
1 0.30234375 0.85859375 0.07109375 0.2703125
1 0.68125 0.65234375 0.0734375 0.1546875
1 0.36796875 0.78125 0.04296875 0.08671875
1 0.19609375 0.5046875 0.04140625 0.19453125
1 0.72265625 0.74609375 0.05 0.1078125
1 0.9734375 0.58125 0.05 0.2828125
1 0.0625 0.915625 0.04375 0.15859375
1 0.490625 0.7765625 0.04140625 0.16015625
1 0.1125 0.8296875 0.06875 0.1640625
1 0.7203125 0.49921875 0.040625 0.24609375
1 0.3421875 0.6296875 0.034375 0.13203125
1 0.8421875 0.79609375 0.0453125 0.16171875
1 0.2546875 0.69140625 0.0796875 0.28828125
1 0.70859375 0.90078125 0.08203125 0.19453125
1 0.12421875 0.30546875 0.02890625 0.10078125
1 0.0765625 0.32265625 0.028125 0.0796875
1 0.3609375 0.90390625 0.06875 0.190625
1 0.11015625 0.9296875 0.07578125 0.134375
1 0.16796875 0.2890625 0.0390625 0.115625
1 0.21171875 0.41875 0.03359375 0.08125
1 0.246875 0.89453125 0.06171875 0.21015625
1 0.81328125 0.78671875 0.05078125 0.10390625
1 0.02578125 0.22890625 0.0421875 0.15546875
1 0.79765625 0.7328125 0.0625 0.11171875
1 0.6703125 0.434375 0.03359375 0.08203125
1 0.409375 0.30859375 0.0390625 0.09921875
1 0.0140625 0.87265625 0.028125 0.11484375