1 0.38046875 0.58125 0.0484375 0.27109375
1 0.2234375 0.58359375 0.04296875 0.22578125
1 0.7734375 0.51328125 0.04375 0.23671875
1 0.0921875 0.53203125 0.05390625 0.23515625
1 0.43984375 0.55859375 0.053125 0.259375
1 0.17734375 0.546875 0.04140625 0.2421875
1 0.9125 0.57109375 0.05703125 0.29375
1 0.15234375 0.5234375 0.04375 0.24609375
1 0.5921875 0.5421875 0.05234375 0.290625
1 0.67421875 0.5234375 0.04609375 0.24921875
1 0.53515625 0.55 0.05703125 0.29609375
1 0.85703125 0.57265625 0.0640625 0.30625
1 0.50234375 0.55234375 0.05234375 0.278125
1 0.74765625 0.51328125 0.04609375 0.259375
1 0.4078125 0.86171875 0.05625 0.240625
1 0.36953125 0.85390625 0.04453125 0.24375
1 0.68359375 0.653125 0.0640625 0.15703125
1 0.58671875 0.87578125 0.0421875 0.16484375
1 0.44921875 0.90078125 0.0671875 0.19765625
1 0.753125 0.86484375 0.0515625 0.159375
1 0.31171875 0.55703125 0.046875 0.253125
1 0.9453125 0.5 0.0484375 0.22578125
1 0.15703125 0.90859375 0.0390625 0.1609375
1 0.2484375 0.51953125 0.0375 0.17578125
1 0.834375 0.8875 0.06328125 0.16796875
1 0.7078125 0.75859375 0.0578125 0.1359375
1 0.66796875 0.82578125 0.046875 0.11328125
1 0.91015625 0.86484375 0.09375 0.253125
1 0.3421875 0.5296875 0.04765625 0.275
1 0.71171875 0.51171875 0.04921875 0.28515625
1 0.63125 0.53671875 0.05390625 0.28046875
1 0.20078125 0.84609375 0.07734375 0.29453125
1 0.03984375 0.5109375 0.05625 0.240625
1 0.971875 0.4765625 0.04375 0.24453125
1 0.98203125 0.6765625 0.03515625 0.26796875
1 0.11015625 0.79453125 0.06484375 0.2015625
1 0.25 0.4265625 0.03125 0.08125
1 0.8296875 0.79375 0.06796875 0.15625
1 0.26796875 0.68671875 0.0640625 0.30625
1 0.03828125 0.78359375 0.05 0.0859375
1 0.03828125 0.92734375 0.07109375 0.1390625
1 0.28203125 0.53671875 0.0484375 0.16796875
1 0.8078125 0.5015625 0.0375 0.259375
1 0.2203125 0.28359375 0.0328125 0.1234375
1 0.46875 0.7953125 0.0546875 0.15234375
1 0.24609375 0.89453125 0.05390625 0.19921875
1 0.37578125 0.30390625 0.03203125 0.0796875
1 0.1640625 0.32109375 0.0421875 0.08203125
1 0.01328125 0.515625 0.025 0.221875
1 0.1921875 0.68203125 0.0515625 0.1109375
1 0.153125 0.7734375 0.0296875 0.1046875
1 0.2765625 0.43828125 0.034375 0.0859375
1 0.828125 0.53046875 0.0375 0.25625
1 0.4125 0.51484375 0.0578125 0.3
1 0.1859375 0.296875 0.03046875 0.0859375
1 0.01328125 0.74921875 0.02578125 0.12109375
1 0.22109375 0.40390625 0.034375 0.07265625
1 0.0125 0.19765625 0.025 0.0828125
1 0.65625 0.39140625 0.040625 0.10234375
1 0.07578125 0.70546875 0.05546875 0.16015625