1 0.38046875 0.56953125 0.04765625 0.284375
1 0.1390625 0.53828125 0.0421875 0.22890625
1 0.85625 0.55859375 0.06171875 0.24765625
1 0.4609375 0.57421875 0.06875 0.26171875
1 0.2203125 0.58671875 0.04296875 0.23046875
1 0.09296875 0.528125 0.05546875 0.24296875
1 0.5921875 0.54453125 0.0546875 0.2921875
1 0.63125 0.54140625 0.06015625 0.30078125
1 0.53671875 0.5484375 0.04765625 0.3015625
1 0.17734375 0.5390625 0.0453125 0.2515625
1 0.7515625 0.86015625 0.053125 0.16875
1 0.15625 0.91640625 0.04453125 0.153125
1 0.47734375 0.84609375 0.053125 0.2109375
1 0.4109375 0.8109375 0.059375 0.1421875
1 0.88671875 0.49453125 0.04140625 0.159375
1 0.41015625 0.5203125 0.05546875 0.3078125
1 0.68125 0.5171875 0.04609375 0.2078125
1 0.58671875 0.8703125 0.04375 0.15546875
1 0.79140625 0.490625 0.053125 0.23515625
1 0.825 0.4796875 0.0390625 0.19765625
1 0.9640625 0.6109375 0.071875 0.23046875
1 0.28828125 0.76015625 0.04140625 0.1453125
1 0.928125 0.55859375 0.03984375 0.1640625
1 0.1890625 0.271875 0.03515625 0.134375
1 0.83671875 0.896875 0.065625 0.190625
1 0.71171875 0.51171875 0.04921875 0.290625
1 0.70546875 0.7453125 0.0484375 0.13046875
1 0.4515625 0.9078125 0.06953125 0.184375
1 0.6703125 0.825 0.040625 0.10546875
1 0.7875 0.90078125 0.0609375 0.18359375
1 0.33984375 0.540625 0.0546875 0.2953125
1 0.25390625 0.2796875 0.0359375 0.13515625
1 0.2390625 0.48984375 0.04453125 0.12265625
1 0.27578125 0.5796875 0.0515625 0.25078125
1 0.30390625 0.8859375 0.0546875 0.19921875
1 0.50703125 0.571875 0.05 0.253125
1 0.83671875 0.78828125 0.05625 0.1546875
1 0.18828125 0.82734375 0.0828125 0.33359375
1 0.20078125 0.52578125 0.0375 0.22734375
1 0.53203125 0.8859375 0.07734375 0.221875
1 0.25 0.8609375 0.06640625 0.265625
1 0.3453125 0.76640625 0.04609375 0.11953125
1 0.2546875 0.64453125 0.04921875 0.1921875
1 0.11015625 0.79453125 0.071875 0.2
1 0.0671875 0.509375 0.040625 0.246875
1 0.69453125 0.809375 0.03984375 0.10078125
1 0.74375 0.50234375 0.03984375 0.21484375
1 0.02421875 0.65859375 0.04609375 0.11328125
1 0.67578125 0.65390625 0.0734375 0.1515625
1 0.35859375 0.90546875 0.08046875 0.1859375
1 0.29921875 0.4109375 0.03828125 0.10625
1 0.04765625 0.87265625 0.07265625 0.1140625
1 0.26640625 0.4375 0.04140625 0.09609375
1 0.3671875 0.7859375 0.04140625 0.09140625
1 0.1609375 0.26796875 0.0359375 0.15
1 0.9625 0.91484375 0.075 0.15859375
1 0.14921875 0.75390625 0.046875 0.190625
1 0.03359375 0.93203125 0.06484375 0.13203125
1 0.07890625 0.26484375 0.03515625 0.090625
1 0.9046875 0.91796875 0.0671875 0.15703125
1 0.13125 0.30703125 0.028125 0.08515625
1 0.97578125 0.42890625 0.040625 0.1578125
1 0.48984375 0.77578125 0.04375 0.15
1 0.2203125 0.40546875 0.03046875 0.0765625
1 0.14453125 0.42421875 0.04140625 0.08828125
1 0.4546875 0.81875 0.05078125 0.1390625
1 0.04375 0.7953125 0.071875 0.13203125
1 0.8046875 0.73359375 0.046875 0.1046875
1 0.81328125 0.79921875 0.0421875 0.09765625
1 0.0328125 0.2859375 0.03984375 0.103125
1 0.0421875 0.73359375 0.05859375 0.1109375
1 0.94453125 0.403125 0.0515625 0.15234375