1 0.38125 0.5734375 0.04765625 0.28125
1 0.178125 0.53828125 0.05234375 0.25546875
1 0.09140625 0.5234375 0.05703125 0.23515625
1 0.46015625 0.57109375 0.07109375 0.253125
1 0.49921875 0.553125 0.05 0.2734375
1 0.5375 0.55 0.0453125 0.2984375
1 0.13359375 0.52421875 0.03515625 0.20546875
1 0.21796875 0.584375 0.04375 0.22578125
1 0.58125 0.5390625 0.03984375 0.2859375
1 0.6828125 0.51875 0.04921875 0.215625
1 0.62578125 0.54140625 0.0625 0.29375
1 0.846875 0.515625 0.053125 0.1875
1 0.41015625 0.8109375 0.059375 0.14296875
1 0.753125 0.853125 0.0515625 0.15703125
1 0.45 0.90625 0.065625 0.1875
1 0.27734375 0.5828125 0.05390625 0.24921875
1 0.4765625 0.85234375 0.0484375 0.19921875
1 0.09453125 0.2828125 0.04140625 0.13671875
1 0.8796875 0.55 0.05 0.19453125
1 0.5859375 0.86953125 0.04453125 0.153125
1 0.16015625 0.91640625 0.04453125 0.14609375
1 0.70546875 0.75390625 0.05078125 0.12890625
1 0.70625 0.51328125 0.046875 0.27890625
1 0.8 0.484375 0.05078125 0.221875
1 0.1921875 0.27109375 0.04296875 0.14375
1 0.36640625 0.7890625 0.0421875 0.10078125
1 0.18828125 0.83046875 0.08125 0.32421875
1 0.79453125 0.9 0.071875 0.18125
1 0.84453125 0.91953125 0.0890625 0.1578125
1 0.25234375 0.86484375 0.0625 0.253125
1 0.83125 0.8453125 0.05234375 0.11015625
1 0.53359375 0.88125 0.07734375 0.22890625
1 0.2828125 0.7609375 0.040625 0.128125
1 0.7453125 0.50859375 0.0421875 0.22578125
1 0.30390625 0.88671875 0.05390625 0.203125
1 0.4109375 0.5296875 0.05703125 0.31640625
1 0.6640625 0.82734375 0.04765625 0.10390625
1 0.0265625 0.50625 0.0515625 0.215625
1 0.23984375 0.48984375 0.04296875 0.125
1 0.33671875 0.53671875 0.053125 0.26796875
1 0.04140625 0.8015625 0.0671875 0.12109375
1 0.02109375 0.65625 0.0421875 0.109375
1 0.75625 0.6515625 0.04921875 0.15546875
1 0.109375 0.80546875 0.07109375 0.184375
1 0.2515625 0.64453125 0.0515625 0.18984375
1 0.9140625 0.9125 0.08359375 0.1671875
1 0.68984375 0.81328125 0.0390625 0.1
1 0.3578125 0.9046875 0.0796875 0.18828125
1 0.96171875 0.55078125 0.07265625 0.13359375
1 0.7078125 0.9 0.078125 0.19375
1 0.03828125 0.92890625 0.0734375 0.1328125
1 0.34375 0.759375 0.046875 0.12265625
1 0.4890625 0.775 0.04453125 0.146875
1 0.034375 0.21484375 0.0296875 0.07890625
1 0.2484375 0.26640625 0.0359375 0.10859375
1 0.81171875 0.8015625 0.04453125 0.11328125
1 0.165625 0.26953125 0.040625 0.15703125
1 0.04609375 0.8671875 0.0734375 0.1078125
1 0.9765625 0.43203125 0.0421875 0.18125
1 0.35 0.30625 0.0328125 0.09453125
1 0.95859375 0.796875 0.0828125 0.2640625
1 0.1078125 0.93359375 0.08125 0.128125
1 0.91796875 0.50078125 0.05 0.14140625
1 0.26875 0.43046875 0.0421875 0.084375
1 0.146875 0.41953125 0.0375 0.0890625
1 0.33671875 0.3984375 0.03828125 0.07890625
1 0.15625 0.77109375 0.03515625 0.14453125