1 0.3828125 0.57265625 0.05234375 0.28046875
1 0.090625 0.5234375 0.05546875 0.22890625
1 0.17421875 0.54296875 0.04609375 0.2390625
1 0.5375 0.55078125 0.046875 0.2953125
1 0.4625 0.5703125 0.07109375 0.2515625
1 0.22421875 0.5796875 0.0484375 0.23125
1 0.1328125 0.5296875 0.0359375 0.2109375
1 0.503125 0.55078125 0.05 0.2734375
1 0.66640625 0.52578125 0.04765625 0.2546875
1 0.8984375 0.57421875 0.0640625 0.26953125
1 0.7578125 0.85546875 0.05078125 0.15078125
1 0.41171875 0.8078125 0.0578125 0.14453125
1 0.6234375 0.5421875 0.0609375 0.27890625
1 0.47734375 0.85234375 0.04453125 0.1875
1 0.16015625 0.915625 0.0453125 0.153125
1 0.2765625 0.584375 0.05703125 0.2578125
1 0.79375 0.515625 0.04921875 0.24453125
1 0.3671875 0.790625 0.04453125 0.10625
1 0.58671875 0.86640625 0.0453125 0.14921875
1 0.590625 0.53515625 0.04296875 0.28125
1 0.7640625 0.50703125 0.03984375 0.22109375
1 0.18984375 0.83046875 0.07578125 0.32890625
1 0.25234375 0.86171875 0.06484375 0.26171875
1 0.31796875 0.565625 0.0515625 0.265625
1 0.79375 0.8953125 0.075 0.17890625
1 0.96171875 0.56328125 0.06796875 0.1515625
1 0.7046875 0.5203125 0.05078125 0.28046875
1 0.28671875 0.76015625 0.040625 0.1390625
1 0.446875 0.91484375 0.06328125 0.16953125
1 0.10546875 0.26640625 0.0390625 0.1078125
1 0.06484375 0.5078125 0.0390625 0.23671875
1 0.8421875 0.5140625 0.05703125 0.1921875
1 0.834375 0.78359375 0.0625 0.14609375
1 0.75390625 0.64765625 0.046875 0.14765625
1 0.34140625 0.47890625 0.046875 0.18671875
1 0.66484375 0.828125 0.0484375 0.10625
1 0.0453125 0.75546875 0.06328125 0.1515625
1 0.0234375 0.5109375 0.046875 0.20625
1 0.8515625 0.9140625 0.096875 0.16796875
1 0.4359375 0.7171875 0.04453125 0.0953125
1 0.53359375 0.86953125 0.07890625 0.25546875
1 0.9234375 0.91171875 0.0796875 0.16875
1 0.35859375 0.90546875 0.08203125 0.1875
1 0.30546875 0.88203125 0.053125 0.1984375
1 0.68828125 0.8125 0.03828125 0.09921875
1 0.0375 0.92734375 0.0734375 0.1375
1 0.3453125 0.7671875 0.0453125 0.1203125
1 0.96328125 0.79140625 0.0734375 0.26640625
1 0.16484375 0.26953125 0.04453125 0.16484375
1 0.48984375 0.77578125 0.04296875 0.15078125
1 0.7125 0.90390625 0.08671875 0.18671875
1 0.25078125 0.64765625 0.05390625 0.1921875
1 0.1546875 0.77890625 0.03359375 0.12265625
1 0.2453125 0.26953125 0.03515625 0.0921875
1 0.10546875 0.93203125 0.08515625 0.13125
1 0.10859375 0.82265625 0.0671875 0.15703125
1 0.8 0.73515625 0.053125 0.10390625
1 0.92109375 0.49921875 0.04453125 0.13359375
1 0.92265625 0.421875 0.05703125 0.146875
1 0.846875 0.4203125 0.04921875 0.10234375
1 0.23828125 0.4921875 0.04453125 0.11796875
1 0.66875 0.43828125 0.0375 0.0953125
1 0.1453125 0.41796875 0.03828125 0.084375
1 0.9796875 0.415625 0.040625 0.14375
1 0.0421875 0.21953125 0.0265625 0.0828125
1 0.4046875 0.30390625 0.040625 0.09375
1 0.49765625 0.44609375 0.04140625 0.08359375
1 0.721875 0.74765625 0.0453125 0.11328125
1 0.34921875 0.3015625 0.02578125 0.08671875
1 0.6625 0.35 0.0390625 0.07421875