1 0.38125 0.5703125 0.04765625 0.28046875
1 0.4609375 0.56484375 0.0671875 0.26640625
1 0.09375 0.52890625 0.05703125 0.2375
1 0.1390625 0.525 0.0390625 0.2
1 0.18125 0.546875 0.05234375 0.23359375
1 0.50859375 0.5609375 0.053125 0.27265625
1 0.68359375 0.5140625 0.0453125 0.2171875
1 0.59375 0.54609375 0.05390625 0.30078125
1 0.5375 0.55 0.04609375 0.2953125
1 0.840625 0.88046875 0.05625 0.1703125
1 0.75625 0.84921875 0.0546875 0.153125
1 0.6359375 0.54140625 0.05703125 0.29453125
1 0.34375 0.4984375 0.04921875 0.2171875
1 0.5890625 0.87265625 0.04296875 0.159375
1 0.25546875 0.28984375 0.0328125 0.1375
1 0.2921875 0.76015625 0.040625 0.15546875
1 0.853125 0.525 0.0515625 0.2234375
1 0.7078125 0.74765625 0.05 0.1328125
1 0.22109375 0.56796875 0.04296875 0.2
1 0.24375 0.49921875 0.03828125 0.1390625
1 0.41171875 0.80625 0.06328125 0.1484375
1 0.8890625 0.603125 0.05703125 0.3078125
1 0.15859375 0.90859375 0.05234375 0.16171875
1 0.41953125 0.55 0.0515625 0.28203125
1 0.48984375 0.80234375 0.04453125 0.20390625
1 0.6765625 0.825 0.04296875 0.10546875
1 0.459375 0.909375 0.084375 0.17421875
1 0.96015625 0.625 0.07578125 0.24765625
1 0.2515625 0.86328125 0.06484375 0.26171875
1 0.309375 0.5546875 0.04375 0.2453125
1 0.06328125 0.51015625 0.046875 0.24453125
1 0.11015625 0.80625 0.06796875 0.1765625
1 0.715625 0.51328125 0.04765625 0.26640625
1 0.18984375 0.8265625 0.07890625 0.334375
1 0.36796875 0.7875 0.04375 0.10234375
1 0.6828125 0.65078125 0.0703125 0.14296875
1 0.83515625 0.78984375 0.06328125 0.15703125
1 0.03515625 0.65390625 0.053125 0.103125
1 0.3453125 0.75546875 0.04765625 0.1375
1 0.303125 0.884375 0.05546875 0.19921875
1 0.79609375 0.9265625 0.084375 0.14140625
1 0.18671875 0.2703125 0.03359375 0.13828125
1 0.75234375 0.49765625 0.0453125 0.215625
1 0.45546875 0.8109375 0.05 0.1328125
1 0.53671875 0.884375 0.07890625 0.22890625
1 0.70859375 0.9 0.07890625 0.19453125
1 0.253125 0.65625 0.06484375 0.20546875
1 0.896875 0.92265625 0.0671875 0.15
1 0.3578125 0.90390625 0.08125 0.18515625
1 0.03671875 0.7328125 0.05859375 0.11015625
1 0.8109375 0.546875 0.04765625 0.17578125
1 0.04453125 0.78828125 0.07109375 0.10625
1 0.03515625 0.92890625 0.06953125 0.13671875
1 0.02265625 0.50546875 0.04453125 0.20234375
1 0.953125 0.80078125 0.0859375 0.24140625
1 0.39140625 0.31328125 0.046875 0.0953125
1 0.06640625 0.28828125 0.0390625 0.10859375
1 0.04921875 0.86484375 0.075 0.10703125
1 0.1421875 0.30078125 0.03203125 0.08984375
1 0.27421875 0.5375 0.03671875 0.1390625
1 0.1421875 0.4296875 0.03828125 0.09296875
1 0.69609375 0.81015625 0.0390625 0.09609375
1 0.61796875 0.8515625 0.09140625 0.275
1 0.803125 0.72890625 0.05078125 0.11171875
1 0.13203125 0.66171875 0.05078125 0.1265625
1 0.08671875 0.33359375 0.0375 0.07578125
1 0.915625 0.496875 0.04140625 0.11953125
1 0.21796875 0.40546875 0.0296875 0.07421875
1 0.27578125 0.44765625 0.04140625 0.09765625
1 0.01953125 0.290625 0.0359375 0.0890625