1 0.38515625 0.57109375 0.04765625 0.27265625
1 0.09296875 0.52890625 0.053125 0.228125
1 0.678125 0.51953125 0.05234375 0.22421875
1 0.77265625 0.509375 0.05390625 0.2265625
1 0.13125 0.5296875 0.040625 0.2203125
1 0.22578125 0.56171875 0.04453125 0.1875
1 0.18125 0.53828125 0.0453125 0.2328125
1 0.5328125 0.54921875 0.05625 0.3
1 0.46171875 0.88515625 0.04921875 0.1734375
1 0.40859375 0.81015625 0.0546875 0.1390625
1 0.58828125 0.87734375 0.0453125 0.16875
1 0.1609375 0.915625 0.0515625 0.1609375
1 0.33984375 0.5265625 0.053125 0.27890625
1 0.7578125 0.64609375 0.04453125 0.15234375
1 0.753125 0.8671875 0.053125 0.1578125
1 0.4953125 0.55078125 0.0484375 0.28046875
1 0.928125 0.609375 0.0734375 0.328125
1 0.25 0.271875 0.03671875 0.1125
1 0.86484375 0.51953125 0.05859375 0.19765625
1 0.83671875 0.78125 0.05859375 0.13671875
1 0.45625 0.553125 0.06171875 0.2609375
1 0.190625 0.8375 0.07734375 0.31484375
1 0.28046875 0.57265625 0.06015625 0.23359375
1 0.0546875 0.5171875 0.04609375 0.24765625
1 0.58671875 0.53515625 0.05 0.28203125
1 0.709375 0.5078125 0.04765625 0.2578125
1 0.16171875 0.29453125 0.03203125 0.0921875
1 0.88359375 0.90078125 0.09375 0.19453125
1 0.621875 0.54765625 0.059375 0.27890625
1 0.8 0.89765625 0.078125 0.17734375
1 0.13671875 0.2828125 0.04140625 0.12109375
1 0.275 0.8578125 0.08203125 0.27421875
1 0.41640625 0.534375 0.0421875 0.2265625
1 0.88828125 0.4671875 0.03359375 0.115625
1 0.2359375 0.4890625 0.0390625 0.125
1 0.53359375 0.88828125 0.07890625 0.2140625
1 0.66875 0.82734375 0.04609375 0.103125
1 0.36875 0.7828125 0.0453125 0.09375
1 0.03671875 0.7890625 0.0484375 0.09140625
1 0.70859375 0.89765625 0.08203125 0.18671875
1 0.828125 0.85078125 0.04765625 0.11015625
1 0.48828125 0.78359375 0.04453125 0.15625
1 0.9515625 0.8953125 0.07578125 0.19921875
1 0.11328125 0.80859375 0.06953125 0.18046875
1 0.0359375 0.9234375 0.07109375 0.14765625
1 0.34375 0.759375 0.046875 0.1203125
1 0.98125 0.58984375 0.03671875 0.178125
1 0.10859375 0.928125 0.08046875 0.13828125
1 0.43515625 0.7140625 0.04140625 0.09609375
1 0.8140625 0.47890625 0.03359375 0.196875
1 0.02421875 0.6484375 0.04375 0.090625
1 0.25625 0.68984375 0.08203125 0.27734375
1 0.6796875 0.65078125 0.06953125 0.14140625
1 0.35546875 0.90390625 0.07890625 0.1875
1 0.97890625 0.78671875 0.0421875 0.23046875
1 0.8390625 0.50703125 0.053125 0.27109375
1 0.90859375 0.47890625 0.03671875 0.13046875
1 0.20078125 0.4921875 0.03359375 0.146875
1 0.7359375 0.51796875 0.0453125 0.23203125
1 0.21484375 0.40703125 0.03203125 0.08046875
1 0.15390625 0.5078125 0.03125 0.2140625
1 0.26875 0.44296875 0.0375 0.1015625
1 0.79921875 0.73984375 0.065625 0.1296875
1 0.12890625 0.6640625 0.04921875 0.1265625
1 0.18046875 0.27890625 0.02734375 0.08046875
1 0.05703125 0.86640625 0.04921875 0.1140625
1 0.575 0.415625 0.0234375 0.075
1 0.42890625 0.31328125 0.03203125 0.0765625
1 0.97890625 0.41328125 0.04140625 0.14453125