1 0.38125 0.57890625 0.04375 0.2609375
1 0.77265625 0.51171875 0.0453125 0.240625
1 0.2234375 0.58984375 0.04296875 0.23828125
1 0.4375 0.5546875 0.05234375 0.25546875
1 0.9125 0.57109375 0.05546875 0.290625
1 0.09140625 0.53515625 0.05390625 0.23515625
1 0.59296875 0.54375 0.0515625 0.28984375
1 0.153125 0.52578125 0.0421875 0.2484375
1 0.34453125 0.52109375 0.046875 0.25703125
1 0.684375 0.65 0.06328125 0.15234375
1 0.74375 0.51171875 0.04765625 0.2515625
1 0.678125 0.52109375 0.0484375 0.2203125
1 0.8578125 0.57265625 0.0609375 0.309375
1 0.17890625 0.5453125 0.0421875 0.24765625
1 0.58515625 0.88046875 0.04375 0.17578125
1 0.534375 0.55 0.05546875 0.2984375
1 0.40703125 0.85546875 0.0578125 0.23125
1 0.71796875 0.50703125 0.046875 0.2625
1 0.49921875 0.55078125 0.05 0.284375
1 0.3140625 0.5578125 0.04765625 0.259375
1 0.753125 0.86875 0.05078125 0.16171875
1 0.3703125 0.86796875 0.04609375 0.259375
1 0.44609375 0.9015625 0.0703125 0.196875
1 0.0359375 0.50546875 0.0546875 0.23984375
1 0.8078125 0.5015625 0.0375 0.25859375
1 0.834375 0.88828125 0.0640625 0.16640625
1 0.70859375 0.75625 0.05703125 0.13359375
1 0.90859375 0.86796875 0.09296875 0.24609375
1 0.665625 0.8265625 0.046875 0.11171875
1 0.19921875 0.50703125 0.0375 0.1734375
1 0.946875 0.503125 0.0484375 0.22578125
1 0.1984375 0.83359375 0.0796875 0.31796875
1 0.1578125 0.9078125 0.04296875 0.159375
1 0.628125 0.54453125 0.05546875 0.28046875
1 0.534375 0.8890625 0.07578125 0.22109375
1 0.7609375 0.646875 0.04296875 0.15078125
1 0.26953125 0.68828125 0.06015625 0.30390625
1 0.03671875 0.92421875 0.07109375 0.1453125
1 0.1515625 0.771875 0.0296875 0.115625
1 0.0375 0.7828125 0.05 0.084375
1 0.246875 0.51015625 0.03671875 0.16328125
1 0.8296875 0.79765625 0.06875 0.14765625
1 0.47890625 0.771875 0.06171875 0.178125
1 0.28203125 0.53046875 0.0484375 0.1484375
1 0.98125 0.671875 0.0375 0.27734375
1 0.0171875 0.29921875 0.03046875 0.06796875
1 0.2453125 0.88984375 0.05546875 0.1984375
1 0.0640625 0.4625 0.03515625 0.16328125
1 0.1796875 0.26953125 0.03203125 0.12734375
1 0.2171875 0.28125 0.02578125 0.0921875
1 0.403125 0.50703125 0.04921875 0.26953125
1 0.278125 0.44765625 0.03671875 0.0953125
1 0.19375 0.6703125 0.05 0.10078125
1 0.80078125 0.73671875 0.05859375 0.10625
1 0.1953125 0.40625 0.028125 0.06796875
1 0.346875 0.75 0.05390625 0.11171875
1 0.0125 0.74921875 0.025 0.11953125
1 0.21875 0.42578125 0.03203125 0.0875
1 0.0859375 0.3359375 0.034375 0.07890625
1 0.65546875 0.39375 0.03671875 0.10234375