1 0.38125 0.57109375 0.05078125 0.28125
1 0.0921875 0.53125 0.05546875 0.23203125
1 0.4390625 0.5578125 0.06484375 0.26875
1 0.1734375 0.54140625 0.04765625 0.2375
1 0.7765625 0.50703125 0.0453125 0.24765625
1 0.74453125 0.51015625 0.04140625 0.24296875
1 0.228125 0.5546875 0.04921875 0.18125
1 0.84921875 0.571875 0.05625 0.31484375
1 0.58671875 0.5453125 0.0484375 0.3
1 0.81640625 0.50703125 0.0359375 0.25546875
1 0.91484375 0.5578125 0.059375 0.26875
1 0.1234375 0.525 0.046875 0.22421875
1 0.3140625 0.54140625 0.0484375 0.228125
1 0.534375 0.55078125 0.05859375 0.29453125
1 0.49609375 0.553125 0.0515625 0.27890625
1 0.4640625 0.88515625 0.046875 0.17890625
1 0.40859375 0.809375 0.05546875 0.140625
1 0.69375 0.51015625 0.04921875 0.2046875
1 0.58671875 0.87265625 0.04453125 0.159375
1 0.6828125 0.646875 0.06875 0.159375
1 0.18984375 0.8328125 0.07578125 0.32578125
1 0.88515625 0.52109375 0.0359375 0.2234375
1 0.1609375 0.91953125 0.0484375 0.14609375
1 0.63359375 0.53984375 0.06171875 0.2765625
1 0.759375 0.6484375 0.04609375 0.15234375
1 0.034375 0.50390625 0.06796875 0.2328125
1 0.83515625 0.8875 0.0609375 0.17109375
1 0.75234375 0.86328125 0.05234375 0.15390625
1 0.3671875 0.784375 0.04375 0.09375
1 0.9109375 0.88359375 0.0984375 0.22109375
1 0.34140625 0.63046875 0.03515625 0.14453125
1 0.97890625 0.67890625 0.0421875 0.27890625
1 0.30546875 0.85859375 0.0765625 0.27265625
1 0.6828125 0.82265625 0.04140625 0.09921875
1 0.3328125 0.4578125 0.04765625 0.1421875
1 0.03828125 0.79140625 0.04765625 0.0890625
1 0.8390625 0.79375 0.05546875 0.1625
1 0.25625 0.6859375 0.078125 0.28359375
1 0.0359375 0.92734375 0.071875 0.1375
1 0.7078125 0.90078125 0.08203125 0.1890625
1 0.721875 0.7453125 0.04765625 0.10859375
1 0.36171875 0.903125 0.0671875 0.190625
1 0.11484375 0.8265625 0.0703125 0.16796875
1 0.165625 0.2953125 0.0390625 0.11875
1 0.27578125 0.525 0.04296875 0.15
1 0.475 0.7734375 0.06875 0.18125
1 0.19453125 0.49140625 0.0375 0.1609375
1 0.1109375 0.9296875 0.07734375 0.13515625
1 0.71640625 0.50390625 0.0421875 0.2546875
1 0.125 0.3078125 0.03203125 0.1078125
1 0.14921875 0.45703125 0.040625 0.1375
1 0.4046875 0.309375 0.04140625 0.10234375
1 0.97734375 0.37265625 0.0453125 0.175
1 0.21328125 0.71328125 0.05625 0.14453125
1 0.378125 0.41796875 0.0421875 0.096875
1 0.06796875 0.32734375 0.0265625 0.08046875
1 0.05234375 0.759375 0.04140625 0.10078125
1 0.67109375 0.4296875 0.0296875 0.07578125
1 0.97265625 0.534375 0.05078125 0.15859375
1 0.79453125 0.74375 0.06328125 0.12578125
1 0.05078125 0.21953125 0.02734375 0.09140625
1 0.1109375 0.75 0.05703125 0.128125