1 0.38125 0.57265625 0.053125 0.2796875
1 0.09296875 0.52890625 0.053125 0.22890625
1 0.684375 0.525 0.046875 0.22734375
1 0.85390625 0.53359375 0.05703125 0.2375
1 0.77421875 0.515625 0.0453125 0.2453125
1 0.2296875 0.55546875 0.0484375 0.184375
1 0.18125 0.5390625 0.0453125 0.22734375
1 0.90703125 0.54296875 0.05234375 0.24140625
1 0.815625 0.5140625 0.03671875 0.2578125
1 0.5328125 0.55234375 0.05703125 0.296875
1 0.1296875 0.53046875 0.04140625 0.21953125
1 0.73359375 0.5171875 0.04921875 0.25546875
1 0.49140625 0.5546875 0.046875 0.27890625
1 0.46171875 0.8875 0.04921875 0.1765625
1 0.41015625 0.80859375 0.05703125 0.140625
1 0.16015625 0.91640625 0.05078125 0.15859375
1 0.4515625 0.53359375 0.0703125 0.2203125
1 0.759375 0.6484375 0.04375 0.15625
1 0.58671875 0.87109375 0.046875 0.159375
1 0.7546875 0.8640625 0.05234375 0.153125
1 0.59296875 0.54296875 0.05625 0.29140625
1 0.34140625 0.62578125 0.0390625 0.14921875
1 0.1921875 0.83359375 0.07734375 0.3203125
1 0.3671875 0.79765625 0.04140625 0.11015625
1 0.05234375 0.50859375 0.04765625 0.2390625
1 0.8375 0.790625 0.05625 0.1546875
1 0.63828125 0.54453125 0.06015625 0.278125
1 0.890625 0.89609375 0.09765625 0.203125
1 0.8296875 0.87265625 0.053125 0.1390625
1 0.95625 0.58515625 0.0671875 0.29296875
1 0.69296875 0.81640625 0.04296875 0.10390625
1 0.40859375 0.52890625 0.0578125 0.3296875
1 0.30703125 0.85546875 0.0828125 0.27890625
1 0.66328125 0.82734375 0.046875 0.1109375
1 0.02109375 0.65234375 0.04140625 0.1015625
1 0.259375 0.6921875 0.07578125 0.27421875
1 0.53203125 0.88828125 0.07578125 0.21640625
1 0.03828125 0.7875 0.04765625 0.08828125
1 0.71015625 0.90078125 0.08125 0.19453125
1 0.68046875 0.64453125 0.06796875 0.14765625
1 0.9546875 0.890625 0.059375 0.2140625
1 0.49140625 0.78046875 0.03984375 0.15
1 0.11171875 0.803125 0.06640625 0.1875
1 0.34765625 0.75625 0.046875 0.10859375
1 0.36484375 0.909375 0.06875 0.17421875
1 0.15 0.284375 0.03828125 0.11328125
1 0.22421875 0.28125 0.03515625 0.125
1 0.03515625 0.9328125 0.0703125 0.13359375
1 0.109375 0.92890625 0.07890625 0.13515625
1 0.06171875 0.87109375 0.04375 0.11640625
1 0.4671875 0.7453125 0.0484375 0.14140625
1 0.05 0.74296875 0.0453125 0.10234375
1 0.1609375 0.77421875 0.02890625 0.128125
1 0.8 0.73984375 0.059375 0.12109375
1 0.140625 0.4609375 0.0375 0.13828125
1 0.48046875 0.40234375 0.03828125 0.07890625
1 0.7265625 0.73671875 0.04765625 0.10625