1 0.38671875 0.5703125 0.04921875 0.28125
1 0.0921875 0.5265625 0.053125 0.2234375
1 0.9046875 0.55625 0.06328125 0.271875
1 0.18046875 0.5390625 0.05625 0.24375
1 0.74375 0.5078125 0.04453125 0.2359375
1 0.44453125 0.54375 0.05390625 0.24296875
1 0.81328125 0.50390625 0.034375 0.24921875
1 0.21953125 0.5828125 0.046875 0.23828125
1 0.846875 0.5703125 0.0609375 0.3078125
1 0.30625 0.5578125 0.04765625 0.2328125
1 0.59140625 0.5484375 0.04765625 0.29375
1 0.6234375 0.54140625 0.0625 0.2890625
1 0.15 0.51796875 0.04921875 0.2484375
1 0.34140625 0.46953125 0.0390625 0.1515625
1 0.534375 0.5515625 0.05625 0.29765625
1 0.41015625 0.80703125 0.05625 0.13828125
1 0.49140625 0.55390625 0.05 0.278125
1 0.44375 0.903125 0.06328125 0.1921875
1 0.759375 0.64609375 0.04453125 0.14765625
1 0.58671875 0.86796875 0.04375 0.14453125
1 0.834375 0.88515625 0.059375 0.16640625
1 0.66484375 0.5078125 0.03828125 0.215625
1 0.0296875 0.5046875 0.05625 0.221875
1 0.125 0.5234375 0.0421875 0.21640625
1 0.678125 0.83203125 0.04140625 0.1125
1 0.190625 0.83125 0.07734375 0.3265625
1 0.159375 0.91640625 0.04375 0.15078125
1 0.77578125 0.509375 0.0421875 0.23203125
1 0.30546875 0.8609375 0.07421875 0.26484375
1 0.7515625 0.86171875 0.05078125 0.15
1 0.24609375 0.89609375 0.0609375 0.20546875
1 0.03671875 0.79765625 0.05 0.10625
1 0.36875 0.78203125 0.04296875 0.0875
1 0.91015625 0.88046875 0.10234375 0.2328125
1 0.11171875 0.82578125 0.065625 0.15703125
1 0.98203125 0.68125 0.0359375 0.30390625
1 0.68359375 0.64296875 0.06875 0.1515625
1 0.25625 0.68515625 0.06875 0.27421875
1 0.725 0.74921875 0.046875 0.1078125
1 0.3609375 0.90078125 0.06484375 0.18828125
1 0.0640625 0.91796875 0.04296875 0.1515625
1 0.2421875 0.49296875 0.03984375 0.1421875
1 0.359375 0.53671875 0.04296875 0.24296875
1 0.034375 0.74453125 0.04765625 0.090625
1 0.3421875 0.62734375 0.03359375 0.13203125
1 0.47265625 0.84609375 0.05703125 0.21640625
1 0.8296875 0.80234375 0.0671875 0.146875
1 0.11015625 0.9296875 0.075 0.134375
1 0.9421875 0.48515625 0.046875 0.18984375
1 0.978125 0.41875 0.040625 0.15078125
1 0.48984375 0.77421875 0.0421875 0.1671875
1 0.275 0.5203125 0.03984375 0.14375
1 0.69765625 0.81328125 0.0484375 0.1
1 0.42578125 0.31171875 0.03203125 0.0890625
1 0.215625 0.40390625 0.03671875 0.07734375
1 0.1140625 0.73125 0.05546875 0.13203125
1 0.04296875 0.30546875 0.03203125 0.065625
1 0.03125 0.2171875 0.0328125 0.11015625
1 0.3921875 0.3078125 0.0390625 0.09921875
1 0.10546875 0.3171875 0.0328125 0.07265625
1 0.80078125 0.7328125 0.0640625 0.10625
1 0.07890625 0.72421875 0.04765625 0.14140625
1 0.384375 0.41015625 0.0390625 0.09375
1 0.2671875 0.29453125 0.03125 0.06796875
1 0.67109375 0.434375 0.03125 0.07421875