1 0.3875 0.57109375 0.0515625 0.27890625
1 0.1765625 0.54296875 0.05078125 0.23203125
1 0.1375 0.521875 0.03515625 0.2
1 0.5390625 0.55 0.04453125 0.29609375
1 0.59453125 0.54453125 0.0515625 0.3015625
1 0.0921875 0.534375 0.0578125 0.2453125
1 0.509375 0.55703125 0.0515625 0.284375
1 0.88515625 0.5109375 0.040625 0.1890625
1 0.68125 0.54609375 0.04765625 0.26796875
1 0.31015625 0.5625 0.04921875 0.23984375
1 0.4890625 0.81796875 0.04453125 0.23515625
1 0.81328125 0.4921875 0.04921875 0.2296875
1 0.24453125 0.50546875 0.04296875 0.1578125
1 0.58671875 0.88046875 0.04375 0.1734375
1 0.6359375 0.54453125 0.05625 0.29375
1 0.41484375 0.80625 0.06640625 0.1484375
1 0.83828125 0.86796875 0.0546875 0.14140625
1 0.93359375 0.6484375 0.0640625 0.23828125
1 0.1546875 0.9 0.0453125 0.14921875
1 0.35390625 0.50546875 0.05078125 0.24609375
1 0.70625 0.7484375 0.0515625 0.13046875
1 0.75625 0.834375 0.05234375 0.121875
1 0.80625 0.8953125 0.0671875 0.17578125
1 0.76875 0.5484375 0.05078125 0.1875
1 0.69453125 0.81484375 0.04453125 0.109375
1 0.41875 0.52890625 0.06015625 0.3265625
1 0.25234375 0.284375 0.03359375 0.13046875
1 0.06640625 0.51328125 0.04296875 0.259375
1 0.25 0.86015625 0.065625 0.26171875
1 0.34609375 0.76015625 0.04609375 0.1328125
1 0.2921875 0.76015625 0.03984375 0.16171875
1 0.84609375 0.54296875 0.04609375 0.18203125
1 0.715625 0.4984375 0.0484375 0.2390625
1 0.36875 0.78359375 0.04453125 0.096875
1 0.21953125 0.540625 0.0375 0.146875
1 0.19296875 0.82265625 0.07734375 0.34296875
1 0.4640625 0.56796875 0.0640625 0.253125
1 0.303125 0.88515625 0.0546875 0.20234375
1 0.6703125 0.8625 0.04765625 0.1796875
1 0.97734375 0.46796875 0.040625 0.23828125
1 0.04375 0.7828125 0.065625 0.10546875
1 0.18828125 0.26640625 0.03203125 0.13203125
1 0.7078125 0.89765625 0.078125 0.19765625
1 0.11015625 0.809375 0.06875 0.171875
1 0.27265625 0.5296875 0.03515625 0.14140625
1 0.45703125 0.83046875 0.05625 0.15078125
1 0.359375 0.903125 0.08359375 0.18671875
1 0.2515625 0.665625 0.0671875 0.21875
1 0.0328125 0.92734375 0.065625 0.1375
1 0.93828125 0.54296875 0.04375 0.13203125
1 0.74375 0.47734375 0.04296875 0.18671875
1 0.95234375 0.8078125 0.0875 0.25859375
1 0.9109375 0.49765625 0.0328125 0.14453125
1 0.08828125 0.3296875 0.03515625 0.07265625
1 0.871875 0.93828125 0.0734375 0.12265625
1 0.16640625 0.25859375 0.03125 0.1359375
1 0.11640625 0.46875 0.025 0.13828125
1 0.8515625 0.39296875 0.0390625 0.1203125
1 0.809375 0.7265625 0.04609375 0.1140625
1 0.19453125 0.48125 0.03515625 0.13203125
1 0.3453125 0.30546875 0.03984375 0.0953125
1 0.02890625 0.65546875 0.0390625 0.09375
1 0.025 0.4984375 0.04765625 0.19140625
1 0.14609375 0.425 0.0375 0.0890625
1 0.28046875 0.44921875 0.03671875 0.1
1 0.053125 0.8625 0.0703125 0.10546875