1 0.38515625 0.57109375 0.04921875 0.28203125
1 0.76796875 0.51875 0.04296875 0.21875
1 0.46015625 0.5484375 0.053125 0.25546875
1 0.53515625 0.553125 0.05 0.28828125
1 0.6765625 0.515625 0.053125 0.2375
1 0.171875 0.54140625 0.0453125 0.2375
1 0.09140625 0.525 0.05546875 0.22578125
1 0.13515625 0.5328125 0.03828125 0.228125
1 0.9109375 0.5953125 0.05546875 0.31640625
1 0.61796875 0.54296875 0.06328125 0.2984375
1 0.21953125 0.58046875 0.0484375 0.225
1 0.459375 0.8859375 0.05234375 0.17109375
1 0.128125 0.27578125 0.0390625 0.11875
1 0.4125 0.809375 0.0578125 0.1375
1 0.85078125 0.51796875 0.0546875 0.19140625
1 0.7515625 0.85546875 0.05078125 0.1453125
1 0.58671875 0.86875 0.04375 0.1546875
1 0.8375 0.778125 0.0578125 0.13671875
1 0.28671875 0.578125 0.05859375 0.240625
1 0.809375 0.509375 0.04609375 0.26328125
1 0.1625 0.909375 0.046875 0.165625
1 0.05546875 0.50859375 0.04375 0.24765625
1 0.36484375 0.79375 0.0453125 0.11328125
1 0.67421875 0.82578125 0.03984375 0.10546875
1 0.33671875 0.63046875 0.03984375 0.146875
1 0.2546875 0.8609375 0.06875 0.2640625
1 0.5328125 0.8828125 0.078125 0.221875
1 0.1921875 0.8296875 0.071875 0.33046875
1 0.71015625 0.50390625 0.04921875 0.27578125
1 0.79765625 0.8984375 0.07265625 0.1796875
1 0.75625 0.64609375 0.04296875 0.153125
1 0.871875 0.91015625 0.09140625 0.171875
1 0.30625 0.88203125 0.0515625 0.19296875
1 0.3421875 0.48203125 0.04375 0.18203125
1 0.48984375 0.778125 0.0453125 0.1578125
1 0.6859375 0.65234375 0.06484375 0.1484375
1 0.9359375 0.90390625 0.06328125 0.1796875
1 0.8296875 0.84609375 0.0484375 0.10390625
1 0.69609375 0.8109375 0.04140625 0.10234375
1 0.03671875 0.79375 0.05546875 0.09921875
1 0.50078125 0.54765625 0.05 0.2671875
1 0.23828125 0.48203125 0.0421875 0.11796875
1 0.43828125 0.725 0.04765625 0.11015625
1 0.70703125 0.89609375 0.08515625 0.19921875
1 0.34296875 0.7625 0.04609375 0.12734375
1 0.96875 0.76640625 0.06171875 0.23515625
1 0.3546875 0.903125 0.08203125 0.19375
1 0.4265625 0.525 0.040625 0.23359375
1 0.05625 0.87578125 0.0515625 0.1265625
1 0.034375 0.92734375 0.06796875 0.1375
1 0.58046875 0.52734375 0.0421875 0.2859375
1 0.17578125 0.26484375 0.0328125 0.12578125
1 0.28515625 0.303125 0.03046875 0.07734375
1 0.021875 0.5125 0.0421875 0.21796875
1 0.9796875 0.57734375 0.03984375 0.17734375
1 0.25625 0.6515625 0.065625 0.1953125
1 0.81171875 0.7859375 0.04375 0.0921875
1 0.89140625 0.46171875 0.0359375 0.1078125
1 0.94453125 0.4375 0.05234375 0.2
1 0.11015625 0.82109375 0.065625 0.16171875
1 0.1078125 0.93203125 0.0875 0.128125
1 0.1109375 0.42890625 0.03359375 0.09375
1 0.02578125 0.23125 0.04453125 0.11484375
1 0.97578125 0.4359375 0.0421875 0.17578125
1 0.4 0.30390625 0.0421875 0.103125
1 0.73125 0.74296875 0.05 0.1109375
1 0.3484375 0.3015625 0.03515625 0.08359375
1 0.57578125 0.4171875 0.02578125 0.0875
1 0.4578125 0.47421875 0.03984375 0.0984375
1 0.0421875 0.7265625 0.0609375 0.10703125
1 0.2046875 0.2515625 0.03046875 0.0875
1 0.3109375 0.51875 0.04609375 0.16796875