1 0.3890625 0.57265625 0.04921875 0.27421875
1 0.7765625 0.51328125 0.0453125 0.24375
1 0.91171875 0.56640625 0.0578125 0.29453125
1 0.0921875 0.53125 0.0515625 0.23046875
1 0.1765625 0.54921875 0.046875 0.2375
1 0.44375 0.54453125 0.053125 0.23359375
1 0.22265625 0.58828125 0.04609375 0.23828125
1 0.85078125 0.56953125 0.0640625 0.31640625
1 0.12421875 0.52578125 0.03515625 0.2203125
1 0.5921875 0.54296875 0.053125 0.29765625
1 0.3703125 0.86484375 0.05078125 0.2515625
1 0.1515625 0.515625 0.0421875 0.24375
1 0.8109375 0.50546875 0.03359375 0.2546875
1 0.40859375 0.859375 0.05546875 0.2484375
1 0.67265625 0.509375 0.04609375 0.26015625
1 0.3421875 0.478125 0.03359375 0.16328125
1 0.2015625 0.51796875 0.03984375 0.1953125
1 0.36171875 0.53515625 0.04140625 0.25078125
1 0.5328125 0.54921875 0.05625 0.29921875
1 0.02734375 0.3015625 0.03359375 0.07421875
1 0.753125 0.86484375 0.05 0.1515625
1 0.03046875 0.50546875 0.05703125 0.23046875
1 0.5875 0.86640625 0.04453125 0.14765625
1 0.49453125 0.55 0.05390625 0.28671875
1 0.6890625 0.65 0.07421875 0.15546875
1 0.7234375 0.50546875 0.04609375 0.26171875
1 0.9015625 0.878125 0.09140625 0.2359375
1 0.83203125 0.8765625 0.05546875 0.14609375
1 0.665625 0.828125 0.04609375 0.1078125
1 0.24375 0.49453125 0.0390625 0.1328125
1 0.3078125 0.5375 0.05546875 0.20625
1 0.19140625 0.82734375 0.08203125 0.334375
1 0.71015625 0.75078125 0.05859375 0.14140625
1 0.4484375 0.90703125 0.0671875 0.1859375
1 0.16015625 0.9171875 0.04765625 0.15546875
1 0.94609375 0.4953125 0.05078125 0.23359375
1 0.03671875 0.74453125 0.05234375 0.090625
1 0.6921875 0.81640625 0.0390625 0.10546875
1 0.97890625 0.6671875 0.0421875 0.2625
1 0.26484375 0.69296875 0.065625 0.3046875
1 0.1109375 0.80390625 0.06875 0.1828125
1 0.4375 0.7140625 0.040625 0.09453125
1 0.759375 0.64453125 0.04453125 0.153125
1 0.6296875 0.54453125 0.05703125 0.27265625
1 0.47578125 0.76953125 0.06640625 0.1765625
1 0.0359375 0.925 0.071875 0.1453125
1 0.27421875 0.51796875 0.03984375 0.14296875
1 0.0390625 0.21796875 0.040625 0.1265625
1 0.1125 0.9296875 0.08046875 0.13515625
1 0.15625 0.771875 0.03359375 0.1265625
1 0.13125 0.32578125 0.0296875 0.07734375
1 0.3421875 0.6296875 0.03359375 0.121875
1 0.20625 0.27265625 0.02109375 0.08203125
1 0.7421875 0.309375 0.03515625 0.07890625
1 0.06484375 0.6734375 0.05 0.1046875
1 0.246875 0.88671875 0.06484375 0.21328125
1 0.440625 0.38203125 0.03203125 0.07109375
1 0.790625 0.7453125 0.06015625 0.11875
1 0.65703125 0.39453125 0.04375 0.09609375
1 0.19375 0.40703125 0.03359375 0.06875
1 0.16328125 0.29921875 0.040625 0.1046875
1 0.00859375 0.215625 0.0171875 0.1203125