1 0.3890625 0.56796875 0.046875 0.271875
1 0.50703125 0.55546875 0.05234375 0.2921875
1 0.53828125 0.55 0.04609375 0.30234375
1 0.13515625 0.52734375 0.034375 0.2109375
1 0.17578125 0.546875 0.04921875 0.24140625
1 0.596875 0.5453125 0.053125 0.3046875
1 0.8453125 0.56796875 0.06015625 0.26953125
1 0.3078125 0.55703125 0.04765625 0.225
1 0.090625 0.53359375 0.05625 0.25
1 0.4625 0.5703125 0.0640625 0.25703125
1 0.93046875 0.64453125 0.06328125 0.265625
1 0.70703125 0.75234375 0.053125 0.1515625
1 0.63984375 0.54453125 0.05703125 0.29765625
1 0.48828125 0.81875 0.04609375 0.2375
1 0.2203125 0.55859375 0.03984375 0.1671875
1 0.24609375 0.50546875 0.040625 0.16796875
1 0.88515625 0.503125 0.03515625 0.16796875
1 0.41328125 0.80546875 0.06328125 0.14765625
1 0.15390625 0.8984375 0.04296875 0.14453125
1 0.34140625 0.625 0.0421875 0.140625
1 0.45859375 0.825 0.05390625 0.16328125
1 0.24921875 0.28671875 0.0375 0.13515625
1 0.8328125 0.859375 0.05 0.1234375
1 0.75625 0.8359375 0.05390625 0.12265625
1 0.66953125 0.82578125 0.04375 0.10703125
1 0.25 0.8625 0.065625 0.2625
1 0.68125 0.5375 0.04453125 0.2546875
1 0.58671875 0.86796875 0.0421875 0.14765625
1 0.80390625 0.8984375 0.06640625 0.175
1 0.75390625 0.58515625 0.05703125 0.24921875
1 0.36875 0.78359375 0.04453125 0.09453125
1 0.34609375 0.76015625 0.046875 0.13046875
1 0.97578125 0.4625 0.0421875 0.2359375
1 0.303125 0.88515625 0.0546875 0.20234375
1 0.2921875 0.759375 0.04140625 0.1609375
1 0.18984375 0.82890625 0.08046875 0.32890625
1 0.834375 0.784375 0.0625 0.15
1 0.43359375 0.7171875 0.0421875 0.103125
1 0.11875 0.45703125 0.03203125 0.14921875
1 0.04296875 0.78515625 0.0625 0.10078125
1 0.1875 0.26875 0.0328125 0.1375
1 0.7671875 0.93203125 0.0828125 0.13125
1 0.034375 0.65546875 0.0515625 0.1015625
1 0.053125 0.31640625 0.0296875 0.07421875
1 0.4578125 0.91640625 0.084375 0.165625
1 0.93671875 0.5390625 0.04921875 0.13046875
1 0.109375 0.80234375 0.06875 0.1890625
1 0.2703125 0.53046875 0.03515625 0.140625
1 0.70625 0.90078125 0.07421875 0.1921875
1 0.03359375 0.92890625 0.06640625 0.1359375
1 0.85703125 0.93046875 0.0734375 0.1375
1 0.01875 0.50703125 0.0375 0.1984375
1 0.35859375 0.9046875 0.08359375 0.18125
1 0.09140625 0.3875 0.03203125 0.0734375
1 0.2484375 0.66953125 0.07578125 0.2140625
1 0.0890625 0.3296875 0.034375 0.0671875
1 0.04296875 0.19375 0.03203125 0.07265625
1 0.953125 0.815625 0.0875 0.24609375
1 0.8296875 0.42734375 0.0390625 0.10390625
1 0.85234375 0.39609375 0.0375 0.128125
1 0.7125 0.45546875 0.03984375 0.16171875
1 0.228125 0.26328125 0.025 0.08828125
1 0.34453125 0.3125 0.0375 0.09296875
1 0.28125 0.45390625 0.0375 0.103125
1 0.61796875 0.8515625 0.08515625 0.25546875
1 0.32578125 0.22265625 0.01796875 0.04140625
1 0.9078125 0.478125 0.02890625 0.13515625
1 0.05390625 0.8640625 0.0703125 0.10625