1 0.38125 0.56953125 0.04609375 0.275
1 0.1703125 0.540625 0.04375 0.23984375
1 0.5375 0.55390625 0.04921875 0.29296875
1 0.0921875 0.528125 0.0546875 0.23125
1 0.6703125 0.52265625 0.0546875 0.2484375
1 0.1359375 0.52578125 0.03828125 0.20859375
1 0.90859375 0.58828125 0.0625 0.2984375
1 0.76484375 0.51328125 0.04453125 0.23203125
1 0.2203125 0.58125 0.04765625 0.21953125
1 0.4609375 0.89140625 0.05546875 0.18046875
1 0.80625 0.509375 0.05234375 0.26875
1 0.8484375 0.51875 0.053125 0.18984375
1 0.6171875 0.54296875 0.065625 0.309375
1 0.70703125 0.50546875 0.0515625 0.265625
1 0.4171875 0.53125 0.05234375 0.2859375
1 0.34375 0.4765625 0.04140625 0.159375
1 0.059375 0.51328125 0.03984375 0.2453125
1 0.49375 0.546875 0.05625 0.265625
1 0.1625 0.91015625 0.04609375 0.16171875
1 0.58671875 0.86640625 0.04375 0.1515625
1 0.36640625 0.7921875 0.04453125 0.11015625
1 0.33671875 0.63671875 0.0375 0.140625
1 0.7515625 0.85390625 0.04921875 0.15078125
1 0.30625 0.88828125 0.05390625 0.2046875
1 0.19140625 0.8296875 0.07578125 0.3328125
1 0.66484375 0.825 0.0390625 0.10625
1 0.28359375 0.5765625 0.059375 0.23671875
1 0.40078125 0.303125 0.04140625 0.10703125
1 0.25390625 0.86171875 0.06328125 0.26640625
1 0.11953125 0.27578125 0.0421875 0.11875
1 0.83671875 0.77578125 0.05859375 0.13515625
1 0.43828125 0.72890625 0.0453125 0.11953125
1 0.8640625 0.91171875 0.09765625 0.16875
1 0.534375 0.8765625 0.07890625 0.2375
1 0.4140625 0.80625 0.06015625 0.14140625
1 0.79609375 0.9 0.0703125 0.17578125
1 0.93515625 0.90390625 0.065625 0.1796875
1 0.03828125 0.78984375 0.05859375 0.11015625
1 0.5734375 0.50703125 0.0421875 0.25859375
1 0.75703125 0.64609375 0.04140625 0.146875
1 0.8296875 0.84609375 0.03984375 0.1015625
1 0.203125 0.2734375 0.0375 0.12734375
1 0.96875 0.77109375 0.0625 0.23125
1 0.05546875 0.26484375 0.03828125 0.14140625
1 0.68671875 0.65234375 0.065625 0.1421875
1 0.284375 0.30703125 0.03359375 0.0875
1 0.490625 0.77421875 0.0421875 0.16328125
1 0.8109375 0.79296875 0.04453125 0.1015625
1 0.72578125 0.7390625 0.0453125 0.10546875
1 0.03671875 0.65703125 0.0515625 0.1015625
1 0.690625 0.81484375 0.0390625 0.10390625
1 0.05703125 0.86953125 0.053125 0.13203125
1 0.35625 0.903125 0.08046875 0.19140625
1 0.25625 0.6546875 0.0640625 0.19375
1 0.34375 0.75859375 0.04609375 0.12265625
1 0.1109375 0.82265625 0.06484375 0.1609375
1 0.034375 0.92890625 0.0671875 0.13671875
1 0.575 0.42109375 0.02890625 0.0890625
1 0.93125 0.4640625 0.05234375 0.21328125
1 0.97578125 0.43828125 0.04296875 0.18828125
1 0.02421875 0.50234375 0.04375 0.21953125
1 0.10703125 0.9328125 0.0875 0.1265625
1 0.27109375 0.4390625 0.0390625 0.08671875
1 0.97109375 0.6125 0.05546875 0.23125
1 0.16328125 0.721875 0.02890625 0.0890625
1 0.2421875 0.275 0.034375 0.10390625
1 0.153125 0.77734375 0.03125 0.11484375
1 0.07890625 0.7234375 0.05078125 0.14140625
1 0.4609375 0.32734375 0.034375 0.08203125
1 0.8484375 0.42734375 0.04375 0.0921875