1 0.3828125 0.5703125 0.04921875 0.284375
1 0.50859375 0.5625 0.05390625 0.275
1 0.1765625 0.54609375 0.05078125 0.23125
1 0.09296875 0.52890625 0.05625 0.24140625
1 0.59375 0.54375 0.053125 0.29765625
1 0.46328125 0.56640625 0.06640625 0.2609375
1 0.53828125 0.55 0.0453125 0.2953125
1 0.3484375 0.51328125 0.04921875 0.25234375
1 0.8578125 0.59375 0.06015625 0.2671875
1 0.1359375 0.528125 0.0375 0.20625
1 0.309375 0.56640625 0.04921875 0.253125
1 0.63515625 0.5453125 0.059375 0.296875
1 0.83828125 0.8796875 0.05625 0.1703125
1 0.6859375 0.50859375 0.05 0.2140625
1 0.7546875 0.8484375 0.053125 0.15
1 0.5890625 0.87421875 0.04375 0.1640625
1 0.4890625 0.81171875 0.046875 0.22734375
1 0.7078125 0.74765625 0.04921875 0.12734375
1 0.9484375 0.63515625 0.071875 0.27578125
1 0.15546875 0.9015625 0.04609375 0.15078125
1 0.41328125 0.80703125 0.06484375 0.14921875
1 0.459375 0.9078125 0.0859375 0.1796875
1 0.2921875 0.76015625 0.040625 0.15625
1 0.24296875 0.50546875 0.04140625 0.14921875
1 0.67421875 0.82578125 0.04296875 0.10546875
1 0.2515625 0.86484375 0.06484375 0.26015625
1 0.909375 0.56171875 0.05 0.26484375
1 0.18984375 0.828125 0.08203125 0.33046875
1 0.80625 0.89453125 0.06484375 0.17109375
1 0.2234375 0.5484375 0.04453125 0.1875
1 0.36875 0.78671875 0.04375 0.1046875
1 0.25546875 0.2859375 0.03671875 0.1390625
1 0.8296875 0.503125 0.0421875 0.21484375
1 0.68828125 0.65078125 0.06484375 0.13828125
1 0.0625 0.51171875 0.046875 0.246875
1 0.78828125 0.53515625 0.05234375 0.16015625
1 0.3453125 0.75625 0.046875 0.1328125
1 0.7078125 0.89765625 0.07734375 0.19609375
1 0.275 0.52578125 0.03984375 0.15390625
1 0.303125 0.88515625 0.05546875 0.19609375
1 0.109375 0.81015625 0.06875 0.16796875
1 0.0234375 0.503125 0.04609375 0.2046875
1 0.41875 0.5234375 0.046875 0.246875
1 0.7140625 0.48984375 0.04296875 0.22265625
1 0.18671875 0.27109375 0.03359375 0.13515625
1 0.884375 0.92734375 0.071875 0.14453125
1 0.7484375 0.50234375 0.0421875 0.21328125
1 0.45390625 0.80703125 0.04609375 0.121875
1 0.3578125 0.90390625 0.08203125 0.18671875
1 0.11328125 0.44140625 0.02734375 0.0984375
1 0.03359375 0.9296875 0.0671875 0.13515625
1 0.25 0.6625 0.06875 0.2109375
1 0.05078125 0.86015625 0.0734375 0.10546875
1 0.1453125 0.43046875 0.0390625 0.090625
1 0.05625 0.31953125 0.0265625 0.08671875
1 0.975 0.4578125 0.0421875 0.2046875
1 0.95390625 0.80234375 0.0890625 0.2671875
1 0.08828125 0.3328125 0.034375 0.07109375
1 0.4328125 0.71328125 0.04296875 0.09375
1 0.81328125 0.72734375 0.05546875 0.115625
1 0.0296875 0.65625 0.040625 0.0921875
1 0.6953125 0.80703125 0.040625 0.09453125
1 0.4 0.309375 0.0390625 0.09453125
1 0.278125 0.4453125 0.0390625 0.096875
1 0.31875 0.44609375 0.0265625 0.1078125