1 0.38046875 0.57265625 0.0453125 0.28125
1 0.13984375 0.53515625 0.04140625 0.2171875
1 0.09375 0.51875 0.05546875 0.2171875
1 0.5921875 0.54296875 0.05078125 0.29296875
1 0.18203125 0.54296875 0.053125 0.24609375
1 0.22109375 0.58203125 0.04375 0.2234375
1 0.46484375 0.56484375 0.065625 0.265625
1 0.509375 0.56015625 0.05234375 0.278125
1 0.415625 0.53046875 0.05078125 0.2921875
1 0.53671875 0.5484375 0.0484375 0.2984375
1 0.6265625 0.54296875 0.065625 0.29765625
1 0.58828125 0.8765625 0.04296875 0.159375
1 0.8375 0.87890625 0.0609375 0.16171875
1 0.2421875 0.48984375 0.03984375 0.128125
1 0.7546875 0.84921875 0.0546875 0.14921875
1 0.684375 0.515625 0.04765625 0.2234375
1 0.15546875 0.91171875 0.04765625 0.15390625
1 0.459375 0.8234375 0.05390625 0.17109375
1 0.290625 0.7609375 0.03984375 0.15703125
1 0.91171875 0.615625 0.05234375 0.253125
1 0.4109375 0.80703125 0.06171875 0.14765625
1 0.74765625 0.4953125 0.04296875 0.21328125
1 0.8578125 0.52265625 0.05234375 0.20078125
1 0.9625 0.6109375 0.07421875 0.2375
1 0.70546875 0.74296875 0.046875 0.12109375
1 0.6765625 0.825 0.04375 0.10546875
1 0.2578125 0.271875 0.0328125 0.11875
1 0.25078125 0.8609375 0.06640625 0.26640625
1 0.7109375 0.51328125 0.04921875 0.2671875
1 0.48828125 0.81015625 0.04921875 0.2296875
1 0.68046875 0.65234375 0.06796875 0.14140625
1 0.109375 0.79765625 0.06875 0.1890625
1 0.834375 0.7859375 0.06015625 0.153125
1 0.78046875 0.89140625 0.06328125 0.17109375
1 0.303125 0.8859375 0.05546875 0.19609375
1 0.1875 0.82578125 0.07890625 0.33359375
1 0.1875 0.26875 0.03359375 0.1359375
1 0.02890625 0.6578125 0.05234375 0.1125
1 0.0625 0.50546875 0.04140625 0.240625
1 0.3453125 0.76328125 0.04765625 0.12734375
1 0.2546875 0.653125 0.05546875 0.2
1 0.4546875 0.9140625 0.078125 0.171875
1 0.3421875 0.5 0.0515625 0.209375
1 0.70859375 0.9 0.08203125 0.1953125
1 0.2703125 0.553125 0.0453125 0.1921875
1 0.04140625 0.74140625 0.06484375 0.1359375
1 0.30078125 0.5734375 0.04453125 0.2484375
1 0.03515625 0.928125 0.0703125 0.1375
1 0.9 0.9203125 0.06328125 0.153125
1 0.02421875 0.51015625 0.046875 0.20625
1 0.359375 0.90390625 0.08203125 0.1859375
1 0.81875 0.5234375 0.046875 0.18125
1 0.81171875 0.79765625 0.0453125 0.1015625
1 0.3390625 0.628125 0.03671875 0.12265625
1 0.0671875 0.27890625 0.0390625 0.10546875
1 0.04765625 0.86484375 0.07421875 0.10703125
1 0.88984375 0.46171875 0.040625 0.09609375
1 0.14375 0.42890625 0.03984375 0.0921875
1 0.13046875 0.659375 0.05625 0.12890625
1 0.13515625 0.3046875 0.034375 0.08203125
1 0.95703125 0.91484375 0.0859375 0.16171875
1 0.23125 0.2734375 0.03046875 0.12109375
1 0.29921875 0.40390625 0.03515625 0.0875
1 0.80625 0.7359375 0.04765625 0.10546875
1 0.3546875 0.69140625 0.03359375 0.0703125
1 0.49765625 0.4515625 0.040625 0.11015625
1 0.39921875 0.3140625 0.0421875 0.09453125
1 0.8234375 0.4234375 0.03984375 0.07890625
1 0.9765625 0.43125 0.03828125 0.14609375
1 0.053125 0.32890625 0.025 0.06640625