1 0.3828125 0.57109375 0.0515625 0.2859375
1 0.77265625 0.509375 0.0546875 0.23125
1 0.09296875 0.52734375 0.053125 0.2296875
1 0.6734375 0.52421875 0.05078125 0.24921875
1 0.1296875 0.52578125 0.04140625 0.2125
1 0.45546875 0.5515625 0.06015625 0.27421875
1 0.18125 0.5390625 0.04453125 0.221875
1 0.22734375 0.56171875 0.046875 0.18359375
1 0.5328125 0.5484375 0.05625 0.30078125
1 0.8140625 0.5078125 0.034375 0.2453125
1 0.1515625 0.2796875 0.02734375 0.11015625
1 0.3375 0.52734375 0.053125 0.26484375
1 0.46171875 0.88515625 0.0484375 0.1734375
1 0.41484375 0.54609375 0.04921875 0.2953125
1 0.40859375 0.809375 0.05546875 0.1390625
1 0.86015625 0.53515625 0.0609375 0.22421875
1 0.753125 0.865625 0.05390625 0.159375
1 0.1609375 0.915625 0.0515625 0.159375
1 0.58984375 0.5421875 0.05 0.2921875
1 0.58671875 0.87734375 0.04765625 0.16796875
1 0.75859375 0.64609375 0.04296875 0.153125
1 0.4953125 0.553125 0.04921875 0.2765625
1 0.190625 0.834375 0.07890625 0.32109375
1 0.934375 0.60234375 0.0765625 0.31953125
1 0.36796875 0.7890625 0.04609375 0.1046875
1 0.6203125 0.53671875 0.06328125 0.28671875
1 0.7078125 0.50703125 0.04609375 0.2546875
1 0.29296875 0.5765625 0.0640625 0.25
1 0.88359375 0.89609375 0.09765625 0.20234375
1 0.05546875 0.515625 0.04453125 0.25
1 0.17734375 0.27890625 0.03203125 0.10078125
1 0.8359375 0.7828125 0.05703125 0.13984375
1 0.7375 0.51171875 0.046875 0.2390625
1 0.80078125 0.89765625 0.07734375 0.178125
1 0.2859375 0.8578125 0.08359375 0.271875
1 0.53203125 0.8875 0.078125 0.21953125
1 0.9078125 0.4859375 0.04375 0.146875
1 0.6890625 0.81328125 0.040625 0.096875
1 0.02265625 0.65234375 0.04296875 0.096875
1 0.4890625 0.7828125 0.04296875 0.15703125
1 0.68046875 0.6484375 0.06796875 0.146875
1 0.03828125 0.78828125 0.05234375 0.090625
1 0.95390625 0.88828125 0.071875 0.21171875
1 0.0359375 0.92890625 0.0703125 0.1390625
1 0.1140625 0.809375 0.071875 0.18125
1 0.70859375 0.89765625 0.08046875 0.18828125
1 0.2578125 0.68515625 0.07890625 0.25390625
1 0.3578125 0.903125 0.08125 0.1890625
1 0.34375 0.76015625 0.046875 0.1234375
1 0.10703125 0.928125 0.08203125 0.1359375
1 0.66484375 0.83046875 0.05 0.10703125
1 0.13125 0.66484375 0.04765625 0.128125
1 0.21484375 0.40625 0.03203125 0.0765625
1 0.465625 0.74453125 0.05 0.14609375
1 0.084375 0.69296875 0.04296875 0.134375
1 0.240625 0.50234375 0.04140625 0.1359375
1 0.12109375 0.73671875 0.05625 0.1171875
1 0.26875 0.44609375 0.04375 0.096875
1 0.796875 0.74140625 0.06484375 0.1234375
1 0.38203125 0.40390625 0.03828125 0.0875
1 0.18671875 0.2421875 0.02734375 0.0796875
1 0.03203125 0.24296875 0.03125 0.109375
1 0.309375 0.39453125 0.034375 0.0921875
1 0.24375 0.26484375 0.0375 0.0890625