1 0.778125 0.515625 0.04453125 0.23359375
1 0.38671875 0.58046875 0.0515625 0.28046875
1 0.178125 0.5484375 0.04453125 0.234375
1 0.09140625 0.53828125 0.05390625 0.2484375
1 0.91328125 0.56875 0.05703125 0.29375
1 0.2234375 0.5859375 0.0453125 0.2375
1 0.125 0.53203125 0.03515625 0.2328125
1 0.85703125 0.571875 0.0640625 0.30859375
1 0.43671875 0.55078125 0.0546875 0.2546875
1 0.68046875 0.5140625 0.04375 0.2078125
1 0.3703125 0.86953125 0.046875 0.26015625
1 0.596875 0.540625 0.05390625 0.30078125
1 0.40703125 0.86015625 0.05625 0.24609375
1 0.684375 0.6515625 0.0640625 0.14921875
1 0.31328125 0.54921875 0.0453125 0.22734375
1 0.340625 0.478125 0.0328125 0.16484375
1 0.49453125 0.55 0.04921875 0.278125
1 0.74765625 0.51015625 0.0484375 0.25
1 0.5328125 0.5484375 0.05546875 0.3
1 0.80859375 0.50078125 0.03515625 0.25390625
1 0.15 0.5171875 0.04140625 0.24609375
1 0.72109375 0.50546875 0.04296875 0.25703125
1 0.753125 0.86796875 0.05078125 0.15703125
1 0.70859375 0.75546875 0.05703125 0.1296875
1 0.58671875 0.8640625 0.04375 0.14609375
1 0.83359375 0.88515625 0.06171875 0.1640625
1 0.90234375 0.87734375 0.0875 0.23671875
1 0.03203125 0.5109375 0.05390625 0.2390625
1 0.665625 0.82578125 0.04296875 0.1078125
1 0.7609375 0.6484375 0.04375 0.1515625
1 0.534375 0.890625 0.07734375 0.21796875
1 0.98046875 0.65703125 0.0390625 0.28125
1 0.3578125 0.534375 0.0421875 0.25859375
1 0.94609375 0.5 0.05078125 0.228125
1 0.44765625 0.90625 0.0671875 0.1875
1 0.0375 0.7796875 0.0515625 0.08984375
1 0.18984375 0.82734375 0.0828125 0.3265625
1 0.16015625 0.91640625 0.04609375 0.15546875
1 0.025 0.3 0.03046875 0.0671875
1 0.2484375 0.525 0.0359375 0.175
1 0.9609375 0.86953125 0.07265625 0.24921875
1 0.11015625 0.790625 0.06796875 0.20703125
1 0.26484375 0.68984375 0.0625 0.2953125
1 0.2734375 0.5171875 0.04765625 0.14296875
1 0.2484375 0.9 0.0671875 0.1953125
1 0.475 0.77109375 0.06875 0.18203125
1 0.03984375 0.92265625 0.07578125 0.15234375
1 0.65546875 0.52734375 0.05 0.25703125
1 0.0578125 0.4765625 0.04140625 0.1921875
1 0.0984375 0.28984375 0.03125 0.07578125
1 0.18359375 0.259375 0.02578125 0.08984375
1 0.109375 0.93046875 0.0765625 0.13359375
1 0.21328125 0.2734375 0.0234375 0.0765625
1 0.19921875 0.4828125 0.03515625 0.1234375
1 0.79375 0.74765625 0.059375 0.1171875
1 0.1953125 0.4109375 0.03203125 0.07421875
1 0.69921875 0.82109375 0.0515625 0.11015625
1 0.43359375 0.31953125 0.02734375 0.08046875
1 0.946875 0.78359375 0.04453125 0.09140625
1 0.34375 0.62265625 0.03046875 0.115625
1 0.0125 0.75 0.025 0.11875